# Pysol claims 129 moves
13101775566348840960
29629248410100285440
18433005353966127104
42784871847948500992
86885137599029002240
77676600485439094784
50848797214814699520
16295086284913745920
39924900874188496896
66054126424549482496
24211267527775006720
91264711117186383872
78749472725944713216
8044040611081651200
35635708033171652608
63693079963768233984
52641262039200923648
18669852507540705280
15172583094547292160
47012555892336451584
15209784915212156928
82423081276269838336
56503975505441202176
20496427329906008064
